000005
000009 (2)
000010 (2)
000011 (2)
000015 (2)
000016
000020 (2)
000020
000021 (2)
000023 (2)
000024 (2)
000025 (2)
000026 (2)
000026 (3)
000027 (2)
000028 (2)
000032 (2)
000033 (2)
000039 (2)
000045 (2)
000045
000047
000048
000049 (2)
000050 (2)
000051 (2)
000052 (2)
000052
000054
000055
000056
000059 (2)
000060 (2)
000062 (2)
000067
000072 (2)
000077
000080
000084
000087
000088 (2)
000091
000093
000098
000101
000104
000106
000107
000108 (2)
000109 (2)
000118 (2)
000119
000121
000122
000124
000131
000134 (2)
000138 (2)
000138 (3)
000144
000145
000154
000158
000161
000167
000168
000172
000180
000184
000187
000196
000197
000210
000217
000223
000228
000234
000248
000254
000258
000267
000271
000279
000280
000301
000313
000315
000332
000380
download (5)
000002
000003
000004
000006
000008
000009
000010
000011
000012
000013
000014
000015
000017
000018
000019
000023
000024
000025
000026
000027
000028
000030
000031
000032
000033
000034
000036
000037
000038
000039
000040
000041
000042
000043
000049
000050
000051
000059
000060
000061
000062
000064
000066
000068
000072
000074
000077
000081
000083
000085
000088
000090
000092
000094
000095 (2)
000095
000097
000109
000116
000118
000127
000128
000134
000136
000138
000139
000143
000146
000147
download (1)
download (10)
download (11)
download (12)
download (13)
download (14)
download (15)
download (16)
download (17)
download (18)
download (2)
download (3)
download (4)
download (5)
download (6)
download (7)
download (8)
download (9)
download
download11
ESGYJRCH3YI6PGB5FAVJEDYWSY
images (1)
images (10)
images (11)
images (12)
images (13)
images (14)
images (2)
images (3)
images (4)
images (5)
images (6)
images (7)
images (8)
images (9)
images
